noStroke();
fill(145, 145, 145);
rect(201,173,13,37,40);
rect(160,173,13,37,40);
//body
rect(145,150,83,37,40);
//legs
rect(146,173,13,37,40);

rect(215,173,13,37,40);

//head
ellipse(239,151,50,25);

//eyes
fill(245, 245, 245);
ellipse(245,147,10,10);
fill(0, 0, 0);
ellipse(245,147,5,5);

//nose
ellipse(262,146,7,8);

//ears
fill(145, 145, 145);
triangle(227, 128, 233, 143, 219, 146);
triangle(233, 128, 239, 143, 224, 146);
fill(255, 255, 255);
triangle(233, 136, 234, 141, 227, 142);
//tail
fill(145, 145, 145);
triangle(90, 172, 145, 159, 218, 170);
//mouth
fill(255, 0, 0);
triangle(257, 160, 263, 154, 231, 155);


